%YAML:1.0
---
R: !!opencv-matrix
  rows: 3
  cols: 3
  dt: d
  data: [ 1,0.0008,-0.0058,
          -0.0009, 1,-0.0020,
          0.0058, 0.0020, 1 ]
T: !!opencv-matrix
  rows: 3
  cols: 1
  dt: d
  data: [ -79.3291, 0.0724,
          0.1880 ]
R1: !!opencv-matrix
  rows: 3
  cols: 3
  dt: d
  data: [ 9.9887616379681088e-01, -5.9652558277948258e-03,
          -4.7019412177052175e-02, 5.6054708074608391e-03,
          9.9995402419633217e-01, -7.7799865416245985e-03,
          4.7063660031846942e-02, 7.5076771687463623e-03,
          9.9886367772981743e-01 ]
R2: !!opencv-matrix
  rows: 3
  cols: 3
  dt: d
  data: [ 9.9882789067429434e-01, -4.5659008506763229e-04,
          -4.8400788595165098e-02, 8.2675669858799593e-04,
          9.9997056306856269e-01, 7.6282022589146126e-03,
          4.8395880862951400e-02, -7.6592768480965639e-03,
          9.9879886573507037e-01 ]
P1: !!opencv-matrix
  rows: 3
  cols: 4
  dt: d
  data: [ 4.8574187157926281e+02, 0., 3.4625355339050293e+02, 0., 0.,
          4.8574187157926281e+02, 2.1158374786376953e+02, 0., 0., 0., 1.,
          0. ]
P2: !!opencv-matrix
  rows: 3
  cols: 4
  dt: d
  data: [ 4.8574187157926281e+02, 0., 3.4625355339050293e+02,
          -3.7599184742936137e+04, 0., 4.8574187157926281e+02,
          2.1158374786376953e+02, 0., 0., 0., 1., 0. ]
Q: !!opencv-matrix
  rows: 4
  cols: 4
  dt: d
  data: [ 1., 0., 0., -3.4625355339050293e+02, 0., 1., 0.,
          -2.1158374786376953e+02, 0., 0., 0., 4.8574187157926281e+02, 0.,
          0., 1.2918946910691207e-02, 0. ]
