%YAML:1.0
---
R: !!opencv-matrix
  rows: 3
  cols: 3
  dt: d
  data: [ 9.9999814181906299e-01, 7.5778726286593247e-04,
          1.7726017278368530e-03, -7.5085122604264031e-04,
          9.9999207281179070e-01, -3.9103114984349518e-03,
          -1.7755508603366740e-03, 3.9089732721880417e-03,
          9.9999078363107918e-01 ]
T: !!opencv-matrix
  rows: 3
  cols: 1
  dt: d
  data: [ -7.8235803015242684e+00, 9.6940491844422323e-04,
          -9.8311530952148077e-02 ]
R1: !!opencv-matrix
  rows: 3
  cols: 3
  dt: d
  data: [ 9.9989697390916821e-01, 6.8294659646904010e-04,
          1.4337892147539095e-02, -6.5495172327171083e-04,
          9.9999787036836929e-01, -1.9571144488787339e-03,
          -1.4339198217762210e-02, 1.9475221878576465e-03,
          9.9989529179399572e-01 ]
R2: !!opencv-matrix
  rows: 3
  cols: 3
  dt: d
  data: [ 9.9992104882029842e-01, -1.2389831067432879e-04,
          1.2565061691969749e-02, 9.9365958345355786e-05,
          9.9999808789547961e-01, 1.9530314361881492e-03,
          -1.2565279643554115e-02, -1.9516287026555717e-03,
          9.9991914917801561e-01 ]
P1: !!opencv-matrix
  rows: 3
  cols: 4
  dt: d
  data: [ 2.3439167359731252e+02, 0., 4.9199135589599609e+02, 0., 0.,
          2.3439167359731252e+02, 4.1311005783081055e+02, 0., 0., 0., 1.,
          0. ]
P2: !!opencv-matrix
  rows: 3
  cols: 4
  dt: d
  data: [ 2.3439167359731252e+02, 0., 4.9199135589599609e+02,
          -1.8339268710871988e+03, 0., 2.3439167359731252e+02,
          4.1311005783081055e+02, 0., 0., 0., 1., 0. ]
Q: !!opencv-matrix
  rows: 4
  cols: 4
  dt: d
  data: [ 1., 0., 0., -4.9199135589599609e+02, 0., 1., 0.,
          -4.1311005783081055e+02, 0., 0., 0., 2.3439167359731252e+02, 0.,
          0., 1.2780862601045762e-01, 0. ]
