%YAML:1.0
---
M1: !!opencv-matrix
  rows: 3
  cols: 3
  dt: d
  data: [ 8.9410273400785445e+02, 0., 6.2793455808559361e+02, 0.,
          8.7607867647314458e+02, 3.9859609001008715e+02, 0., 0., 1. ]
D1: !!opencv-matrix
  rows: 1
  cols: 14
  dt: d
  data: [ -5.0689000816869045e-01, 3.5804873978382001e-01, 0., 0., 0.,
          0., 0., 2.2574371608522495e-01, 0., 0., 0., 0., 0., 0. ]
M2: !!opencv-matrix
  rows: 3
  cols: 3
  dt: d
  data: [ 8.9410273400785445e+02, 0., 6.3221679389535416e+02, 0.,
          8.7607867647314458e+02, 4.0936397739673561e+02, 0., 0., 1. ]
D2: !!opencv-matrix
  rows: 1
  cols: 14
  dt: d
  data: [ -5.0357795582453391e-01, 3.2720566127676975e-01, 0., 0., 0.,
          0., 0., 1.8002052875772781e-01, 0., 0., 0., 0., 0., 0. ]
