%YAML:1.0
---
M1: !!opencv-matrix
  rows: 3
  cols: 3
  dt: d
  data: [ 437.1073, 0., 304.7714, 0.,
          437.1389, 201.0098, 0., 0., 1. ]
D1: !!opencv-matrix
  rows: 1
  cols: 14
  dt: d
  data: [ -0.448, 0.1720, 1.9301e-05,0.0016, 0.,
          0., 0.,0, 0., 0., 0., 0., 0., 0. ]
M2: !!opencv-matrix
  rows: 3
  cols: 3
  dt: d
  data: [ 433.8610, 0., 309.0270, 0.,
          434.4935, 205.3724, 0., 0., 1. ]
D2: !!opencv-matrix
  rows: 1
  cols: 14
  dt: d
  data: [ -0.4327, 0.1466, 7.6489e-04, 2.5931e-04, 0.,
          0., 0., 0, 0., 0., 0., 0., 0., 0. ]
